5	
10	
32	
44	
53	
62	
63	
64	
70	
72	
85	
87	
91	
95	
96	
97	
115	
120	
121	
123	
132	
139	
140	
152	
174	
188	
198	
213	
221	
256	
264	
265	
276	
279	
300	
303	
304	
309	
312	
321	
322	
338	
343	
351	
354	
357	
361	
363	
368	
375	
376	
377	
392	
403	
410	
413	
416	
418	
446	
464	
466	
467	
471	
472	
474	
486	
494	
514	
516	
517	
523	
546	
552	
568	
576	
600	
629	
638	
639	
646	
647	
650	
651	
656	
664	
673	
688	
689	
691	
698	
712	
714	
718	
727	
730	
740	
741	
746	
750	
764	
787	
790	
801	
808	
813	
818	
837	
838	
847	
871	
873	
877	
879	
887	
898	
902	
903	
920	
931	
935	
940	
943	
956	
960	
964	
967	
968	
975	
978	
982	
983	
1000	
1012	
1024	
1025	
1027	
1039	
1048	
1049	
1055	
1058	
1066	
1067	
1074	
1092	
1105	
1125	
1130	
1136	
1139	
1140	
1143	
1147	
1155	
1186	
1187	
1191	
1199	
1216	
1218	
1220	
1223	
1227	
1230	
1235	
1240	
1246	
1259	
1262	
1269	
1273	
1277	
1278	
1289	
1301	
1312	
1314	
1320	
1326	
1340	
1343	
1344	
