1		
4		
11		
15		
16		
18		
26		
27		
31		
33		
34		
35		
39		
40		
41		
42		
45		
48		
53		
54		
55		
56		
57		
59		
62		
63		
64		
66		
73		
74		
75		
78		
79		
80		
81		
84		
85		
88		
90		
105		
106		
118		
119		
120		
121		
122		
123		
126		
128		
152		
153		
154		
162		
163		
167		
169		
189		
209		
216		
217		
219		
228		
229		
238		
243		
245		
259		
268		
277		
280		
283		
287		
289		
370		
380		
381		
414		
442		
448		
457		
485		
495		
509		
531		
532		
533		
548		
560		
561		
562		
565		
566		
581		
605		
611		
621		
624		
628		
643		
644		
661		
665		
667		
670		
674		
689		
695		
697		
713		
714		
717		
718		
719		
723		
724		
729		
746		
747		
755		
766		
768		
769		
775		
782		
792		
795		
825		
830		
832		
835		
840		
849		
867		
870		
873		
888		
891		
896		
900		
905		
907		
914		
915		
918		
922		
926		
941		
945		
950		
954		
962		
969		
974		
977		
978		
985		
989		
999		
1002		
1007		
1010		
1011		
1013		
1014		
1018		
1031		
1035		
1040		
1051		
1052		
1053		
1064		
1074		
1085		
1086		
1089		
1099		
1109		
1122		
1128		
1133		
1144		
1146		
1150		
1151		
1152		
1157		
1160		
1169		
1170		
1176		
1177		
1184		
1185		
1200		
1202		
1208		
1217		
1222		
1232		
1233		
1243		
1252		
1260		
1266		
1267		
1275		
1277		
1287		
1292		
1295		
1296		
1299		
1300		
1304		
1313		
1329		
1330		
1331		
1333		
