1		
3		
18		
30		
36		
37		
49		
76		
85		
94		
136		
138		
149		
159		
166		
170		
187		
202		
204		
205		
217		
219		
242		
244		
246		
249		
266		
274		
288		
290		
299		
311		
314		
325		
336		
340		
347		
349		
350		
355		
356		
358		
359		
380		
381		
387		
389		
409		
438		
447		
451		
454		
463		
500		
508		
525		
535		
554		
560		
575		
594		
599		
609		
624		
632		
645		
648		
676		
690		
692		
694		
705		
706		
710		
711		
718		
720		
726		
734		
739		
748		
760		
770		
771		
781		
811		
884		
895		
930		
939		
953		
954		
957		
961		
966		
970		
974		
981		
987		
992		
1001		
1002		
1044		
1048		
1072		
1078		
1086		
1090		
1133		
1138		
1152		
1160		
1166		
1178		
1189		
1198		
1207		
1213		
1224		
1244		
1261		
1311		
