94	
95	
96	
98	
99	
100	
101	
102	
103	
104	
105	
106	
107	
108	
110	
111	
112	
113	
114	
116	
117	
124	
129	
144	
145	
156	
173	
199	
222	
226	
230	
235	
236	
250	
255	
257	
270	
272	
285	
297	
298	
333	
337	
366	
404	
426	
428	
429	
431	
437	
449	
450	
501	
508	
510	
513	
515	
530	
536	
538	
543	
545	
549	
559	
563	
572	
582	
589	
590	
606	
617	
623	
637	
652	
653	
654	
655	
662	
663	
666	
669	
671	
684	
685	
687	
700	
701	
742	
776	
783	
814	
834	
863	
865	
872	
889	
894	
897	
919	
938	
951	
958	
965	
968	
971	
979	
987	
988	
993	
998	
1008	
1022	
1026	
1028	
1104	
1110	
1120	
1123	
1130	
1145	
1245	
1257	
1261	
1302	
1305	
1315	
1325	
1343	
