2		
7		
8		
9		
12		
13		
29		
43		
50		
60		
65		
67		
69		
149		
166		
168		
171		
172		
202		
204		
223		
224		
231		
233		
246		
247		
248		
258		
263		
264		
268		
273		
279		
296		
313		
319		
326		
335		
343		
356		
357		
360		
365		
367		
368		
372		
396		
397		
400		
413		
423		
441		
453		
458		
462		
469		
478		
483		
507		
517		
523		
535		
537		
553		
573		
592		
593		
598		
625		
628		
633		
634		
640		
645		
651		
660		
670		
672		
728		
753		
754		
775		
780		
781		
782		
789		
794		
800		
805		
810		
812		
829		
836		
858		
866		
868		
869		
877		
878		
883		
885		
887		
891		
892		
899		
902		
906		
908		
910		
914		
927		
942		
949		
952		
963		
964		
970		
972		
976		
991		
996		
1006		
1009		
1012		
1015		
1017		
1025		
1037		
1041		
1056		
1058		
1067		
1073		
1088		
1093		
1103		
1104		
1109		
1121		
1131		
1134		
1154		
1175		
1180		
1183		
1199		
1201		
1217		
1218		
1227		
1228		
1230		
1232		
1237		
1238		
1250		
1253		
1256		
1259		
1271		
1272		
1276		
1281		
1307		
1317		
1323		
1330		
