3		
5		
6		
8		
10		
12		
13		
14		
17		
20		
22		
28		
30		
32		
38		
43		
44		
49		
58		
65		
67		
68		
71		
72		
76		
87		
91		
93		
97		
115		
125		
126		
151		
157		
158		
159		
161		
165		
186		
214		
227		
249		
271		
273		
293		
336		
340		
344		
345		
383		
385		
387		
408		
415		
434		
443		
459		
468		
520		
521		
522		
527		
536		
537		
539		
541		
544		
551		
553		
555		
556		
557		
564		
583		
591		
606		
609		
616		
632		
635		
647		
657		
678		
680		
681		
686		
696		
709		
722		
730		
736		
758		
761		
767		
770		
772		
788		
791		
800		
804		
809		
816		
819		
824		
831		
833		
842		
848		
856		
859		
890		
893		
899		
916		
917		
925		
929		
936		
937		
966		
1003		
1016		
1023		
1062		
1065		
1071		
1081		
1096		
1100		
1106		
1108		
1119		
1138		
1156		
1163		
1165		
1169		
1170		
1177		
1180		
1181		
1189		
1216		
1221		
1233		
1234		
1247		
1249		
1268		
1271		
1297		
1309		
1311		
1316		
1324		
1328		
1332		
